-1 -1 -1 -1 -1 -1 -1 -1 -1 -1 -1 -1 -1 1.0 1.0 1.0 1.0 1.0 1.0 1.0 1.0 1.0 1.0 1.0 1.0 1.0 1.0 -1 -1 -1 -1 -1 -1 -1 -1 -1 -1 
-1 -1 -1 -1 -1 -1 -1 -1 -1 -1 -1 -1 -1 1.0 1.0 1.0 1.0 1.0 1.0 1.0 1.0 1.0 1.0 1.0 1.0 1.0 1.0 -1 -1 -1 -1 -1 -1 -1 -1 -1 -1 
-1 -1 -1 -1 -1 -1 -1 -1 -1 -1 -1 -1 -1 1.0 1.0 1.0 1.0 1.0 1.0 1.0 1.0 1.0 1.0 1.0 1.0 1.0 1.0 1.0 -1 -1 -1 -1 -1 -1 -1 -1 -1 
-1 -1 -1 -1 -1 -1 -1 -1 -1 -1 -1 -1 -1 1.0 1.0 1.0 1.0 1.0 1.0 1.0 1.0 1.0 1.0 1.0 1.0 1.0 1.0 1.0 -1 -1 -1 -1 -1 -1 -1 -1 -1 
-1 -1 -1 -1 -1 -1 -1 -1 -1 -1 -1 -1 -1 1.0 1.0 1.0 1.0 1.0 1.0 1.0 1.0 1.0 1.0 1.0 1.0 1.0 1.0 1.0 1.0 -1 -1 -1 -1 -1 -1 -1 -1 
-1 -1 -1 -1 -1 -1 -1 -1 -1 -1 -1 -1 -1 1.0 1.0 1.0 1.0 1.0 1.0 1.0 1.0 1.0 1.0 1.0 1.0 1.0 1.0 1.0 1.0 -1 -1 -1 -1 -1 -1 -1 -1 
-1 -1 -1 -1 -1 -1 -1 -1 -1 -1 -1 -1 -1 0.2 0.3 1.0 1.0 1.0 1.0 1.0 1.0 1.0 1.0 1.0 1.0 1.0 1.0 1.0 1.0 1.0 -1 -1 -1 -1 -1 -1 -1 
-1 -1 -1 -1 -1 -1 -1 -1 -1 -1 -1 -1 -1 0.2 0.0 1.0 1.0 1.0 1.0 1.0 1.0 1.0 1.0 1.0 1.0 1.0 1.0 1.0 1.0 1.0 -1 -1 -1 -1 -1 -1 -1 
-1 -1 1.0 1.0 0.8 0.3 0.6 1.0 0.2 0.88 1.0 1.0 1.0 1.0 0.3 0.9 1.0 1.0 1.0 1.0 1.0 1.0 1.0 1.0 1.0 1.0 1.0 1.0 1.0 1.0 1.0 -1 -1 -1 -1 -1 -1 
0.1 0.9 1.0 1.0 1.0 1.0 0.8 1.0 0.2 0.88 1.0 1.0 1.0 1.0 0.6 0.67 1.0 1.0 1.0 1.0 1.0 1.0 1.0 1.0 1.0 1.0 1.0 1.0 1.0 1.0 1.0 -1 -1 -1 -1 -1 -1 
0.2 1.0 1.0 1.0 1.0 1.0 1.0 1.0 0.1 0.88 1.0 1.0 1.0 1.0 0.1 0.0 0.3 0.8 1.0 1.0 1.0 1.0 1.0 1.0 1.0 1.0 1.0 1.0 1.0 1.0 1.0 1.0 -1 -1 -1 -1 -1 
0.22 1.0 1.0 1.0 1.0 1.0 1.0 1.0 0.0 0.98 1.0 1.0 1.0 1.0 0.0 0.0 0.0 0.6 1.0 1.0 1.0 1.0 1.0 1.0 1.0 1.0 1.0 1.0 1.0 1.0 1.0 1.0 -1 -1 -1 -1 -1 
0.0 1.0 1.0 1.0 1.0 1.0 1.0 1.0 0.3 1.0 1.0 1.0 1.0 1.0 0.1 0.0 0.0 0.7 1.0 1.0 1.0 1.0 1.0 1.0 1.0 1.0 1.0 1.0 1.0 1.0 1.0 1.0 1.0 -1 -1 -1 -1 
0.0 0.98 1.0 1.0 1.0 1.0 1.0 1.0 0.98 0.88 1.0 1.0 1.0 1.0 1.0 0.2 0.0 0.3 1.0 1.0 1.0 1.0 1.0 1.0 1.0 1.0 1.0 1.0 1.0 1.0 1.0 1.0 1.0 -1 -1 -1 -1 
0.0 0.95 1.0 1.0 1.0 1.0 1.0 1.0 1.0 1.0 1.0 1.0 1.0 1.0 1.0 0.65 0.0 0.1 1.0 1.0 1.0 1.0 1.0 1.0 1.0 1.0 1.0 1.0 1.0 1.0 1.0 1.0 1.0 -1 -1 -1 -1 
0.0 0.9 1.0 1.0 1.0 1.0 1.0 1.0 1.0 1.0 1.0 1.0 1.0 1.0 1.0 1.0 0.5 1.0 1.0 1.0 1.0 1.0 1.0 1.0 1.0 1.0 1.0 1.0 1.0 1.0 1.0 1.0 1.0 1.0 -1 -1 -1 
0.0 0.9 1.0 1.0 1.0 1.0 1.0 1.0 1.0 1.0 1.0 1.0 1.0 1.0 1.0 0.5 0.8 1.0 1.0 1.0 1.0 1.0 1.0 1.0 1.0 1.0 1.0 1.0 1.0 1.0 1.0 1.0 1.0 1.0 -1 -1 -1 
0.0 0.9 1.0 1.0 1.0 1.0 1.0 1.0 1.0 1.0 1.0 1.0 1.0 1.0 1.0 0.4 0.0 0.99 1.0 1.0 1.0 1.0 1.0 1.0 1.0 1.0 1.0 1.0 1.0 1.0 1.0 1.0 1.0 1.0 1.0 -1 -1 
0.0 0.9 1.0 1.0 1.0 1.0 1.0 1.0 1.0 1.0 1.0 1.0 1.0 1.0 1.0 1.0 0.3 0.89 1.0 1.0 1.0 1.0 1.0 1.0 1.0 1.0 1.0 1.0 1.0 1.0 1.0 1.0 1.0 1.0 1.0 -1 -1 
0.0 0.5 1.0 1.0 1.0 1.0 1.0 1.0 1.0 1.0 1.0 1.0 1.0 1.0 1.0 1.0 0.5 0.78 1.0 1.0 1.0 1.0 1.0 1.0 1.0 1.0 1.0 1.0 1.0 1.0 1.0 1.0 1.0 1.0 1.0 -1 -1 
0.0 0.5 1.0 1.0 1.0 1.0 1.0 1.0 1.0 1.0 1.0 1.0 1.0 1.0 1.0 1.0 1.0 1.0 1.0 1.0 1.0 1.0 1.0 1.0 1.0 1.0 1.0 1.0 1.0 1.0 1.0 1.0 1.0 1.0 1.0 -1 -1 
0.0 0.5 1.0 1.0 1.0 1.0 1.0 1.0 1.0 1.0 1.0 1.0 1.0 1.0 1.0 1.0 1.0 1.0 1.0 1.0 1.0 1.0 1.0 1.0 1.0 1.0 1.0 1.0 1.0 1.0 1.0 1.0 1.0 1.0 1.0 -1 -1 
0.0 0.2 1.0 1.0 1.0 1.0 1.0 1.0 1.0 1.0 1.0 1.0 1.0 1.0 1.0 1.0 1.0 1.0 1.0 1.0 1.0 1.0 1.0 1.0 1.0 1.0 1.0 1.0 1.0 1.0 1.0 1.0 1.0 1.0 1.0 -1 -1 
0.0 0.25 1.0 1.0 0.9 0.1 0.8 1.0 1.0 1.0 1.0 1.0 1.0 1.0 1.0 1.0 1.0 1.0 1.0 1.0 1.0 1.0 1.0 1.0 1.0 1.0 1.0 1.0 1.0 1.0 1.0 1.0 1.0 1.0 1.0 -1 -1 
0.0 0.2 1.0 1.0 0.7 0.0 0.3 1.0 0.8 1.0 1.0 1.0 1.0 1.0 0.9 0.2 1.0 1.0 1.0 1.0 1.0 1.0 1.0 1.0 1.0 1.0 1.0 1.0 1.0 1.0 1.0 1.0 1.0 1.0 1.0 -1 -1 
0.0 0.0 0.82 0.0 0.5 0.0 0.0 0.84 0.0 1.0 1.0 1.0 1.0 1.0 1.0 0.0 0.89 1.0 1.0 1.0 1.0 1.0 1.0 1.0 1.0 1.0 1.0 1.0 1.0 1.0 1.0 1.0 1.0 1.0 1.0 -1 -1 
-1 0.0 0.25 0.6 0.1 0.0 0.0 0.8 0.2 1.0 1.0 1.0 1.0 1.0 1.0 0.3 0.12 1.0 1.0 1.0 1.0 1.0 1.0 1.0 1.0 1.0 1.0 1.0 1.0 1.0 1.0 1.0 1.0 1.0 1.0 -1 -1 
-1 0.0 0.0 0.0 0.0 0.0 0.0 0.55 0.3 1.0 1.0 1.0 0.3 1.0 1.0 0.6 0.0 0.6 1.0 1.0 1.0 1.0 1.0 1.0 1.0 1.0 1.0 1.0 1.0 1.0 1.0 1.0 1.0 1.0 1.0 -1 -1 
-1 0.0 0.0 0.0 0.0 0.25 0.7 0.5 0.8 1.0 1.0 1.0 0.0 1.0 1.0 0.9 0.0 0.0 0.3 1.0 1.0 1.0 1.0 1.0 1.0 1.0 1.0 1.0 1.0 1.0 1.0 1.0 1.0 1.0 1.0 -1 -1 
-1 0.0 0.0 0.0 0.0 0.4 0.9 0.75 0.8 1.0 0.0 0.8 0.1 1.0 1.0 1.0 0.9 0.0 0.98 1.0 1.0 1.0 1.0 1.0 1.0 1.0 1.0 1.0 1.0 1.0 1.0 1.0 1.0 1.0 1.0 -1 -1 
-1 -1 0.0 0.0 0.0 0.45 0.5 0.8 1.0 1.0 0.2 0.7 0.2 1.0 1.0 1.0 1.0 0.9 1.0 1.0 1.0 1.0 1.0 1.0 1.0 1.0 1.0 1.0 1.0 1.0 1.0 1.0 1.0 1.0 1.0 -1 -1 
-1 -1 0.0 0.0 0.0 0.0 0.0 0.7 1.0 1.0 0.2 0.4 0.2 1.0 1.0 1.0 1.0 1.0 1.0 1.0 1.0 1.0 1.0 1.0 1.0 1.0 1.0 1.0 1.0 1.0 1.0 1.0 1.0 1.0 1.0 -1 -1 
-1 -1 -1 0.0 0.0 0.0 0.0 0.3 1.0 1.0 0.3 0.2 0.0 1.0 1.0 1.0 1.0 1.0 1.0 1.0 1.0 1.0 1.0 1.0 1.0 1.0 1.0 1.0 1.0 1.0 1.0 1.0 1.0 1.0 1.0 -1 -1 
-1 -1 -1 0.0 0.0 0.0 0.0 0.6 1.0 1.0 1.0 0.7 0.67 1.0 1.0 1.0 1.0 1.0 1.0 1.0 1.0 1.0 1.0 1.0 1.0 1.0 1.0 1.0 1.0 1.0 1.0 1.0 1.0 1.0 1.0 -1 -1 
-1 -1 -1 -1 0.0 0.0 0.0 0.4 1.0 1.0 1.0 1.0 1.0 1.0 1.0 1.0 1.0 1.0 1.0 1.0 1.0 1.0 1.0 1.0 1.0 1.0 1.0 1.0 1.0 1.0 1.0 1.0 1.0 1.0 1.0 -1 -1 
-1 -1 -1 -1 0.0 0.0 0.0 0.0 1.0 1.0 1.0 1.0 1.0 1.0 1.0 1.0 1.0 1.0 1.0 1.0 1.0 1.0 1.0 1.0 1.0 1.0 1.0 1.0 1.0 1.0 1.0 1.0 1.0 1.0 1.0 0.55 -1 
-1 -1 -1 -1 0.0 0.0 0.0 0.1 1.0 1.0 1.0 1.0 1.0 1.0 1.0 1.0 1.0 1.0 1.0 1.0 1.0 1.0 1.0 1.0 1.0 1.0 1.0 1.0 1.0 1.0 1.0 1.0 1.0 1.0 1.0 0.55 -1 
-1 -1 -1 -1 0.0 0.0 0.0 0.2 1.0 1.0 1.0 1.0 1.0 1.0 1.0 1.0 1.0 1.0 1.0 1.0 1.0 1.0 1.0 1.0 1.0 1.0 1.0 0.4 0.7 0.4 0.89 0.5 0.0 0.7 1.0 0.7 -1 
-1 -1 -1 -1 -1 -1 0.0 0.67 1.0 1.0 1.0 1.0 1.0 1.0 1.0 1.0 1.0 1.0 1.0 1.0 1.0 1.0 1.0 1.0 1.0 1.0 1.0 0.0 0.0 0.0 0.0 0.0 0.0 0.9 1.0 0.8 -1 
-1 -1 -1 -1 -1 -1 -1 0.05 0.83 1.0 1.0 1.0 1.0 1.0 1.0 1.0 1.0 1.0 1.0 1.0 1.0 1.0 1.0 1.0 1.0 1.0 1.0 0.0 0.0 0.0 0.0 0.0 0.0 1.0 1.0 0.8 -1 
-1 -1 -1 -1 -1 -1 -1 0.0 0.45 1.0 1.0 1.0 1.0 1.0 1.0 1.0 1.0 1.0 1.0 1.0 1.0 1.0 1.0 1.0 1.0 1.0 1.0 0.0 0.0 0.0 0.0 0.0 0.0 0.88 1.0 0.8 0.0 
-1 -1 -1 -1 -1 -1 -1 -1 0.0 0.8 1.0 1.0 1.0 1.0 0.1 0.4 1.0 1.0 1.0 1.0 1.0 1.0 1.0 1.0 1.0 1.0 1.0 0.0 0.0 0.0 0.0 0.0 0.2 0.95 1.0 0.52 0.0 
-1 -1 -1 -1 -1 -1 -1 -1 0.0 0.4 1.0 1.0 0.3 1.0 0.0 0.1 1.0 1.0 1.0 1.0 1.0 1.0 1.0 1.0 1.0 1.0 1.0 0.0 0.0 0.0 0.0 1.0 1.0 1.0 1.0 0.9 0.6 
-1 -1 -1 -1 -1 -1 -1 -1 0.0 0.0 0.8 0.6 0.1 1.0 0.0 0.1 1.0 1.0 1.0 1.0 1.0 1.0 1.0 1.0 1.0 1.0 1.0 0.0 0.0 0.0 0.0 0.8 1.0 1.0 1.0 1.0 0.6 
-1 -1 -1 -1 -1 -1 -1 -1 -1 0.0 0.3 0.1 0.0 1.0 0.2 0.0 1.0 1.0 1.0 1.0 1.0 1.0 1.0 1.0 1.0 1.0 1.0 0.0 0.0 0.0 0.0 0.0 0.0 0.0 1.0 1.0 0.9 
-1 -1 -1 -1 -1 -1 -1 -1 -1 0.0 0.0 0.0 0.1 1.0 0.7 0.0 1.0 1.0 1.0 1.0 1.0 1.0 1.0 1.0 1.0 1.0 1.0 0.1 0.0 0.0 0.0 0.0 0.0 0.0 0.0 0.6 0.1 
-1 -1 -1 -1 -1 -1 -1 -1 -1 -1 0.0 0.0 0.1 1.0 0.7 0.1 1.0 1.0 1.0 1.0 0.85 0.04 0.97 1.0 1.0 1.0 1.0 0.2 0.0 0.0 0.0 0.0 0.0 0.0 0.0 0.0 -1 
-1 -1 -1 -1 -1 -1 -1 -1 -1 -1 0.0 0.0 0.0 0.8 0.0 0.1 1.0 1.0 1.0 1.0 0.87 0.1 0.2 1.0 1.0 1.0 1.0 0.23 0.0 0.0 0.0 0.0 0.0 0.0 -1 -1 -1 
-1 -1 -1 -1 -1 -1 -1 -1 -1 -1 -1 0.0 0.0 0.0 0.0 0.3 1.0 1.0 1.0 1.0 1.0 0.7 0.8 1.0 1.0 1.0 1.0 0.23 0.0 0.0 0.0 0.0 0.0 -1 -1 -1 -1 
-1 -1 -1 -1 -1 -1 -1 -1 -1 -1 -1 0.0 0.0 0.0 0.0 0.4 1.0 1.0 1.0 1.0 1.0 1.0 1.0 1.0 1.0 1.0 1.0 0.2 0.0 0.0 0.0 0.0 0.0 -1 -1 -1 -1 
-1 -1 -1 -1 -1 -1 -1 -1 -1 -1 -1 0.0 0.0 0.0 0.0 0.56 1.0 1.0 1.0 1.0 1.0 1.0 1.0 1.0 1.0 1.0 1.0 0.0 0.0 0.0 0.0 0.0 -1 -1 -1 -1 -1 
-1 -1 -1 -1 -1 -1 -1 -1 -1 -1 -1 0.0 0.0 0.0 0.1 0.3 0.2 0.1 0.0 0.0 0.0 1.0 0.0 0.0 0.0 0.0 0.0 0.0 0.0 0.0 0.0 0.0 -1 -1 -1 -1 -1 
-1 -1 -1 -1 -1 -1 -1 -1 -1 -1 -1 0.0 0.0 0.0 0.0 0.0 0.0 0.0 0.0 -1 -1 -1 -1 -1 -1 -1 -1 -1 -1 -1 -1 -1 -1 -1 -1 -1 -1 
-1 -1 -1 -1 -1 -1 -1 -1 -1 -1 -1 0.0 0.0 -1 -1 -1 -1 -1 -1 -1 -1 -1 -1 -1 -1 -1 -1 -1 -1 -1 -1 -1 -1 -1 -1 -1 -1 
