0 1 0 0
0.01 0.361742 1.46881 0.638258
0.02 -0.187122 2.7138 1.18712
0.03 -0.649783 3.74299 1.64978
0.04 -1.07265 4.67261 2.07265
0.05 -1.47114 5.54123 2.47114
0.06 -1.85277 6.36763 2.85277
0.07 -2.22188 7.16269 3.22188
0.08 -2.58124 7.93337 3.58124
0.09 -2.93277 8.68443 3.93277
0.1 -3.27783 9.41933 4.27783
0.11 -3.61747 10.1406 4.61747
0.12 -3.95248 10.8504 4.95248
0.13 -4.28347 11.55 5.28347
0.14 -4.61096 12.241 5.61096
0.15 -4.93536 12.9242 5.93536
0.16 -5.25701 13.6005 6.25701
0.17 -5.5762 14.2707 6.5762
0.18 -5.89318 14.9353 6.89318
0.19 -6.20815 15.595 7.20815
0.2 -6.5213 16.2501 7.5213
0.21 -6.83278 16.9011 7.83278
0.22 -7.14273 17.5482 8.14273
0.23 -7.45128 18.1919 8.45128
0.24 -7.75854 18.8323 8.75854
0.25 -8.0646 19.4698 9.0646
0.26 -8.36955 20.1045 9.36955
0.27 -8.67347 20.7367 9.67347
0.28 -8.97642 21.3665 9.97642
0.29 -9.27848 21.994 10.2785
0.3 -9.5797 22.6195 10.5797
0.31 -9.88013 23.243 10.8801
0.32 -10.1798 23.8647 11.1798
0.33 -10.4788 24.4847 11.4788
0.34 -10.7772 25.1031 11.7772
0.35 -11.0749 25.72 12.0749
0.36 -11.3721 26.3355 12.3721
0.37 -11.6687 26.9497 12.6687
0.38 -11.9648 27.5625 12.9648
0.39 -12.2604 28.1742 13.2604
0.4 -12.5555 28.7848 13.5555
0.41 -12.8502 29.3943 13.8502
0.42 -13.1445 30.0028 14.1445
0.43 -13.4384 30.6103 14.4384
0.44 -13.732 31.2169 14.732
0.45 -14.0251 31.8227 15.0251
0.46 -14.318 32.4277 15.318
0.47 -14.6105 33.0319 15.6105
0.48 -14.9027 33.6353 15.9027
0.49 -15.1947 34.2381 16.1947
0.5 -15.4863 34.8402 16.4863
0.51 -15.7777 35.4417 16.7777
0.52 -16.0688 36.0426 17.0688
0.53 -16.3597 36.643 17.3597
0.54 -16.6504 37.2428 17.6504
0.55 -16.9409 37.8421 17.9409
0.56 -17.2311 38.4409 18.2311
0.57 -17.5212 39.0393 18.5212
0.58 -17.8111 39.6372 18.8111
0.59 -18.1008 40.2347 19.1008
0.6 -18.3903 40.8319 19.3903
0.61 -18.6797 41.4287 19.6797
0.62 -18.9689 42.0251 19.9689
0.63 -19.258 42.6212 20.258
0.64 -19.5469 43.217 20.5469
0.65 -19.8357 43.8124 20.8357
0.66 -20.1244 44.4077 21.1244
0.67 -20.413 45.0026 21.413
0.68 -20.7014 45.5973 21.7014
0.69 -20.9898 46.1918 21.9898
0.7 -21.278 46.786 22.278
0.71 -21.5662 47.3801 22.5662
0.72 -21.8542 47.9739 22.8542
0.73 -22.1422 48.5676 23.1422
0.74 -22.4301 49.1611 23.4301
0.75 -22.7179 49.7544 23.7179
0.76 -23.0056 50.3476 24.0056
0.77 -23.2933 50.9407 24.2933
0.78 -23.5809 51.5336 24.5809
0.79 -23.8684 52.1264 24.8684
0.8 -24.1559 52.7191 25.1559
0.81 -24.4434 53.3117 25.4434
0.82 -24.7308 53.9043 25.7308
0.83 -25.0181 54.4967 26.0181
0.84 -25.3054 55.0891 26.3054
0.85 -25.5927 55.6814 26.5927
0.86 -25.8799 56.2736 26.8799
0.87 -26.1671 56.8658 27.1671
0.88 -26.4542 57.458 27.4542
0.89 -26.7414 58.0502 27.7414
0.9 -27.0285 58.6423 28.0285
0.91 -27.3156 59.2344 28.3156
0.92 -27.6026 59.8264 28.6026
0.93 -27.8897 60.4185 28.8897
0.94 -28.1767 61.0106 29.1767
0.95 -28.4637 61.6026 29.4637
0.96 -28.7508 62.1947 29.7508
0.97 -29.0378 62.7868 30.0378
0.98 -29.3248 63.379 30.3248
0.99 -29.6118 63.9711 30.6118
1 -29.8988 64.5633 30.8988
1.01 -30.1858 65.1555 31.1858
1.02 -30.4728 65.7478 31.4728
1.03 -30.7598 66.3401 31.7598
1.04 -31.0468 66.9325 32.0468
1.05 -31.3338 67.5249 32.3338
1.06 -31.6208 68.1174 32.6208
1.07 -31.9079 68.7099 32.9079
1.08 -32.1949 69.3025 33.1949
1.09 -32.482 69.8952 33.482
1.1 -32.7691 70.488 33.7691
1.11 -33.0562 71.0808 34.0562
1.12 -33.3433 71.6738 34.3433
1.13 -33.6304 72.2668 34.6304
1.14 -33.9176 72.8599 34.9176
1.15 -34.2048 73.4531 35.2048
1.16 -34.492 74.0464 35.492
1.17 -34.7792 74.6399 35.7792
1.18 -35.0665 75.2334 36.0665
1.19 -35.3538 75.827 36.3538
1.2 -35.6411 76.4207 36.6411
1.21 -35.9285 77.0146 36.9285
1.22 -36.2159 77.6086 37.2159
1.23 -36.5033 78.2027 37.5033
1.24 -36.7908 78.7969 37.7908
1.25 -37.0783 79.3912 38.0783
1.26 -37.3658 79.9857 38.3658
1.27 -37.6534 80.5803 38.6534
1.28 -37.941 81.1751 38.941
1.29 -38.2286 81.77 39.2286
1.3 -38.5163 82.365 39.5163
1.31 -38.8041 82.9601 39.8041
1.32 -39.0918 83.5555 40.0918
1.33 -39.3797 84.1509 40.3797
1.34 -39.6675 84.7465 40.6675
1.35 -39.9554 85.3423 40.9554
1.36 -40.2434 85.9382 41.2434
1.37 -40.5314 86.5343 41.5314
1.38 -40.8195 87.1305 41.8195
1.39 -41.1076 87.7269 42.1076
1.4 -41.3957 88.3234 42.3957
1.41 -41.6839 88.9201 42.6839
1.42 -41.9722 89.517 42.9722
1.43 -42.2605 90.1141 43.2605
1.44 -42.5489 90.7113 43.5489
1.45 -42.8373 91.3087 43.8373
1.46 -43.1257 91.9063 44.1257
1.47 -43.4143 92.504 44.4143
1.48 -43.7028 93.1019 44.7028
1.49 -43.9915 93.7 44.9915
1.5 -44.2802 94.2983 45.2802
1.51 -44.5689 94.8968 45.5689
1.52 -44.8578 95.4954 45.8578
1.53 -45.1466 96.0943 46.1466
1.54 -45.4356 96.6933 46.4356
1.55 -45.7246 97.2925 46.7246
1.56 -46.0136 97.8919 47.0136
1.57 -46.3027 98.4915 47.3027
1.58 -46.5919 99.0913 47.5919
1.59 -46.8812 99.6913 47.8812
1.6 -47.1705 100.291 48.1705
1.61 -47.4598 100.892 48.4598
1.62 -47.7493 101.492 48.7493
1.63 -48.0388 102.093 49.0388
1.64 -48.3283 102.694 49.3283
1.65 -48.618 103.295 49.618
1.66 -48.9077 103.897 49.9077
1.67 -49.1974 104.498 50.1974
1.68 -49.4873 105.1 50.4873
1.69 -49.7772 105.702 50.7772
1.7 -50.0671 106.305 51.0671
1.71 -50.3572 106.907 51.3572
1.72 -50.6473 107.51 51.6473
1.73 -50.9375 108.113 51.9375
1.74 -51.2277 108.716 52.2277
1.75 -51.5181 109.319 52.5181
1.76 -51.8085 109.922 52.8085
1.77 -52.0989 110.526 53.0989
1.78 -52.3895 111.13 53.3895
1.79 -52.6801 111.734 53.6801
1.8 -52.9708 112.339 53.9708
1.81 -53.2615 112.943 54.2615
1.82 -53.5524 113.548 54.5524
1.83 -53.8433 114.153 54.8433
1.84 -54.1343 114.759 55.1343
1.85 -54.4253 115.364 55.4253
1.86 -54.7165 115.97 55.7165
1.87 -55.0077 116.576 56.0077
1.88 -55.299 117.182 56.299
1.89 -55.5903 117.789 56.5903
1.9 -55.8818 118.395 56.8818
1.91 -56.1733 119.002 57.1733
1.92 -56.4649 119.609 57.4649
1.93 -56.7566 120.217 57.7566
1.94 -57.0484 120.824 58.0484
1.95 -57.3402 121.432 58.3402
1.96 -57.6321 122.04 58.6321
1.97 -57.9241 122.649 58.9241
1.98 -58.2162 123.257 59.2162
1.99 -58.5083 123.866 59.5083
2 -58.8006 124.475 59.8006
2.01 -59.0929 125.084 60.0929
2.02 -59.3853 125.694 60.3853
2.03 -59.6778 126.304 60.6778
2.04 -59.9703 126.914 60.9703
2.05 -60.263 127.524 61.263
2.06 -60.5557 128.135 61.5557
2.07 -60.8485 128.745 61.8485
2.08 -61.1414 129.356 62.1414
2.09 -61.4344 129.968 62.4344
2.1 -61.7275 130.579 62.7275
2.11 -62.0206 131.191 63.0206
2.12 -62.3139 131.803 63.3139
2.13 -62.6072 132.415 63.6072
2.14 -62.9006 133.028 63.9006
2.15 -63.1941 133.64 64.1941
2.16 -63.4876 134.254 64.4876
2.17 -63.7813 134.867 64.7813
2.18 -64.0751 135.48 65.0751
2.19 -64.3689 136.094 65.3689
2.2 -64.6628 136.708 65.6628
2.21 -64.9568 137.322 65.9568
2.22 -65.2509 137.937 66.2509
2.23 -65.5451 138.552 66.5451
2.24 -65.8394 139.167 66.8394
2.25 -66.1337 139.782 67.1337
2.26 -66.4282 140.398 67.4282
2.27 -66.7227 141.014 67.7227
2.28 -67.0173 141.63 68.0173
2.29 -67.312 142.246 68.312
2.3 -67.6068 142.863 68.6068
2.31 -67.9017 143.48 68.9017
2.32 -68.1967 144.097 69.1967
2.33 -68.4918 144.714 69.4918
2.34 -68.7869 145.332 69.7869
2.35 -69.0822 145.95 70.0822
2.36 -69.3775 146.568 70.3775
2.37 -69.673 147.187 70.673
2.38 -69.9685 147.806 70.9685
2.39 -70.2641 148.425 71.2641
2.4 -70.5598 149.044 71.5598
2.41 -70.8556 149.663 71.8556
2.42 -71.1515 150.283 72.1515
2.43 -71.4475 150.903 72.4475
2.44 -71.7435 151.524 72.7435
2.45 -72.0397 152.144 73.0397
2.46 -72.336 152.765 73.336
2.47 -72.6323 153.387 73.6323
2.48 -72.9288 154.008 73.9288
2.49 -73.2253 154.63 74.2253
2.5 -73.5219 155.252 74.5219
2.51 -73.8187 155.874 74.8187
2.52 -74.1155 156.497 75.1155
2.53 -74.4124 157.12 75.4124
2.54 -74.7094 157.743 75.7094
2.55 -75.0065 158.366 76.0065
2.56 -75.3037 158.99 76.3037
2.57 -75.601 159.614 76.601
2.58 -75.8984 160.238 76.8984
2.59 -76.1959 160.862 77.1959
2.6 -76.4934 161.487 77.4934
2.61 -76.7911 162.112 77.7911
2.62 -77.0889 162.738 78.0889
2.63 -77.3867 163.363 78.3867
2.64 -77.6847 163.989 78.6847
2.65 -77.9828 164.615 78.9828
2.66 -78.2809 165.242 79.2809
2.67 -78.5792 165.869 79.5792
2.68 -78.8775 166.496 79.8775
2.69 -79.176 167.123 80.176
2.7 -79.4745 167.751 80.4745
2.71 -79.7731 168.378 80.7731
2.72 -80.0719 169.007 81.0719
2.73 -80.3707 169.635 81.3707
2.74 -80.6696 170.264 81.6696
2.75 -80.9687 170.893 81.9687
2.76 -81.2678 171.522 82.2678
2.77 -81.567 172.152 82.567
2.78 -81.8664 172.782 82.8664
2.79 -82.1658 173.412 83.1658
2.8 -82.4653 174.042 83.4653
2.81 -82.7649 174.673 83.7649
2.82 -83.0647 175.304 84.0647
2.83 -83.3645 175.935 84.3645
2.84 -83.6644 176.567 84.6644
2.85 -83.9644 177.199 84.9644
2.86 -84.2645 177.831 85.2645
2.87 -84.5648 178.464 85.5648
2.88 -84.8651 179.096 85.8651
2.89 -85.1655 179.73 86.1655
2.9 -85.466 180.363 86.466
2.91 -85.7666 180.997 86.7666
2.92 -86.0674 181.631 87.0674
2.93 -86.3682 182.265 87.3682
2.94 -86.6691 182.899 87.6691
2.95 -86.9701 183.534 87.9701
2.96 -87.2713 184.169 88.2713
2.97 -87.5725 184.805 88.5725
2.98 -87.8738 185.44 88.8738
2.99 -88.1752 186.076 89.1752
3 -88.4768 186.713 89.4768
3.01 -88.7784 187.349 89.7784
3.02 -89.0802 187.986 90.0802
3.03 -89.382 188.623 90.382
3.04 -89.6839 189.261 90.6839
3.05 -89.986 189.899 90.986
3.06 -90.2881 190.537 91.2881
3.07 -90.5904 191.175 91.5904
3.08 -90.8927 191.814 91.8927
3.09 -91.1952 192.453 92.1952
3.1 -91.4977 193.092 92.4977
3.11 -91.8004 193.732 92.8004
3.12 -92.1032 194.372 93.1032
3.13 -92.406 195.012 93.406
3.14 -92.709 195.652 93.709
3.15 -93.0121 196.293 94.0121
3.16 -93.3153 196.934 94.3153
3.17 -93.6186 197.576 94.6186
3.18 -93.922 198.217 94.922
3.19 -94.2255 198.859 95.2255
3.2 -94.5291 199.502 95.5291
3.21 -94.8328 200.144 95.8328
3.22 -95.1366 200.787 96.1366
3.23 -95.4405 201.43 96.4405
3.24 -95.7445 202.074 96.7445
3.25 -96.0486 202.718 97.0486
3.26 -96.3529 203.362 97.3529
3.27 -96.6572 204.006 97.6572
3.28 -96.9616 204.651 97.9616
3.29 -97.2662 205.296 98.2662
3.3 -97.5708 205.941 98.5708
3.31 -97.8756 206.587 98.8756
3.32 -98.1804 207.233 99.1804
3.33 -98.4854 207.879 99.4854
3.34 -98.7905 208.526 99.7905
3.35 -99.0957 209.173 100.096
3.36 -99.401 209.82 100.401
3.37 -99.7064 210.468 100.706
3.38 -100.012 211.115 101.012
3.39 -100.317 211.764 101.317
3.4 -100.623 212.412 101.623
3.41 -100.929 213.061 101.929
3.42 -101.235 213.71 102.235
3.43 -101.541 214.359 102.541
3.44 -101.847 215.009 102.847
3.45 -102.153 215.659 103.153
3.46 -102.46 216.309 103.46
3.47 -102.766 216.96 103.766
3.48 -103.073 217.611 104.073
3.49 -103.379 218.262 104.379
3.5 -103.686 218.913 104.686
3.51 -103.993 219.565 104.993
3.52 -104.3 220.218 105.3
3.53 -104.607 220.87 105.607
3.54 -104.915 221.523 105.915
3.55 -105.222 222.176 106.222
3.56 -105.529 222.829 106.529
3.57 -105.837 223.483 106.837
3.58 -106.145 224.137 107.145
3.59 -106.452 224.792 107.452
3.6 -106.76 225.446 107.76
3.61 -107.068 226.101 108.068
3.62 -107.376 226.757 108.376
3.63 -107.684 227.412 108.684
3.64 -107.993 228.068 108.993
3.65 -108.301 228.724 109.301
3.66 -108.61 229.381 109.61
3.67 -108.918 230.038 109.918
3.68 -109.227 230.695 110.227
3.69 -109.536 231.353 110.536
3.7 -109.845 232.011 110.845
3.71 -110.154 232.669 111.154
3.72 -110.463 233.327 111.463
3.73 -110.773 233.986 111.773
3.74 -111.082 234.645 112.082
3.75 -111.392 235.305 112.392
3.76 -111.701 235.965 112.701
3.77 -112.011 236.625 113.011
3.78 -112.321 237.285 113.321
3.79 -112.631 237.946 113.631
3.8 -112.941 238.607 113.941
3.81 -113.251 239.268 114.251
3.82 -113.561 239.93 114.561
3.83 -113.872 240.592 114.872
3.84 -114.182 241.254 115.182
3.85 -114.493 241.917 115.493
3.86 -114.804 242.58 115.804
3.87 -115.115 243.243 116.115
3.88 -115.426 243.907 116.426
3.89 -115.737 244.571 116.737
3.9 -116.048 245.235 117.048
3.91 -116.359 245.9 117.359
3.92 -116.671 246.565 117.671
3.93 -116.982 247.23 117.982
3.94 -117.294 247.896 118.294
3.95 -117.606 248.562 118.606
3.96 -117.918 249.228 118.918
3.97 -118.23 249.895 119.23
3.98 -118.542 250.562 119.542
3.99 -118.854 251.229 119.854
4 -119.166 251.896 120.166
4.01 -119.479 252.564 120.479
4.02 -119.791 253.232 120.791
4.03 -120.104 253.901 121.104
4.04 -120.417 254.57 121.417
4.05 -120.73 255.239 121.73
4.06 -121.043 255.909 122.043
4.07 -121.356 256.578 122.356
4.08 -121.669 257.249 122.669
4.09 -121.982 257.919 122.982
4.1 -122.296 258.59 123.296
4.11 -122.61 259.261 123.61
4.12 -122.923 259.933 123.923
4.13 -123.237 260.605 124.237
4.14 -123.551 261.277 124.551
4.15 -123.865 261.949 124.865
4.16 -124.179 262.622 125.179
4.17 -124.494 263.295 125.494
4.18 -124.808 263.969 125.808
4.19 -125.122 264.642 126.122
4.2 -125.437 265.317 126.437
4.21 -125.752 265.991 126.752
4.22 -126.067 266.666 127.067
4.23 -126.382 267.341 127.382
4.24 -126.697 268.017 127.697
4.25 -127.012 268.692 128.012
4.26 -127.327 269.369 128.327
4.27 -127.643 270.045 128.643
4.28 -127.958 270.722 128.958
4.29 -128.274 271.399 129.274
4.3 -128.59 272.077 129.59
4.31 -128.906 272.754 129.906
4.32 -129.222 273.433 130.222
4.33 -129.538 274.111 130.538
4.34 -129.854 274.79 130.854
4.35 -130.17 275.469 131.17
4.36 -130.487 276.149 131.487
4.37 -130.803 276.828 131.803
4.38 -131.12 277.509 132.12
4.39 -131.437 278.189 132.437
4.4 -131.754 278.87 132.754
4.41 -132.071 279.551 133.071
4.42 -132.388 280.233 133.388
4.43 -132.706 280.915 133.706
4.44 -133.023 281.597 134.023
4.45 -133.341 282.279 134.341
4.46 -133.658 282.962 134.658
4.47 -133.976 283.645 134.976
4.48 -134.294 284.329 135.294
4.49 -134.612 285.013 135.612
4.5 -134.93 285.697 135.93
4.51 -135.248 286.382 136.248
4.52 -135.567 287.067 136.567
4.53 -135.885 287.752 136.885
4.54 -136.204 288.437 137.204
4.55 -136.522 289.123 137.522
4.56 -136.841 289.81 137.841
4.57 -137.16 290.496 138.16
4.58 -137.479 291.183 138.479
4.59 -137.799 291.871 138.799
4.6 -138.118 292.558 139.118
4.61 -138.437 293.246 139.437
4.62 -138.757 293.935 139.757
4.63 -139.076 294.623 140.076
4.64 -139.396 295.312 140.396
4.65 -139.716 296.002 140.716
4.66 -140.036 296.691 141.036
4.67 -140.356 297.381 141.356
4.68 -140.677 298.072 141.677
4.69 -140.997 298.763 141.997
4.7 -141.318 299.454 142.318
4.71 -141.638 300.145 142.638
4.72 -141.959 300.837 142.959
4.73 -142.28 301.529 143.28
4.74 -142.601 302.221 143.601
4.75 -142.922 302.914 143.922
4.76 -143.243 303.607 144.243
4.77 -143.564 304.301 144.564
4.78 -143.886 304.995 144.886
4.79 -144.208 305.689 145.208
4.8 -144.529 306.383 145.529
4.81 -144.851 307.078 145.851
4.82 -145.173 307.774 146.173
4.83 -145.495 308.469 146.495
4.84 -145.817 309.165 146.817
4.85 -146.14 309.861 147.14
4.86 -146.462 310.558 147.462
4.87 -146.785 311.255 147.785
4.88 -147.107 311.952 148.107
4.89 -147.43 312.65 148.43
4.9 -147.753 313.348 148.753
4.91 -148.076 314.046 149.076
4.92 -148.399 314.745 149.399
4.93 -148.723 315.444 149.723
4.94 -149.046 316.144 150.046
4.95 -149.369 316.843 150.369
4.96 -149.693 317.544 150.693
4.97 -150.017 318.244 151.017
4.98 -150.341 318.945 151.341
4.99 -150.665 319.646 151.665
5 -150.989 320.348 151.989
5.01 -151.313 321.05 152.313
5.02 -151.638 321.752 152.638
5.03 -151.962 322.454 152.962
5.04 -152.287 323.157 153.287
5.05 -152.612 323.861 153.612
5.06 -152.936 324.564 153.936
5.07 -153.261 325.268 154.261
5.08 -153.587 325.973 154.587
5.09 -153.912 326.677 154.912
5.1 -154.237 327.382 155.237
5.11 -154.563 328.088 155.563
5.12 -154.888 328.794 155.888
5.13 -155.214 329.5 156.214
5.14 -155.54 330.206 156.54
5.15 -155.866 330.913 156.866
5.16 -156.192 331.62 157.192
5.17 -156.518 332.328 157.518
5.18 -156.845 333.036 157.845
5.19 -157.171 333.744 158.171
5.2 -157.498 334.453 158.498
5.21 -157.824 335.162 158.824
5.22 -158.151 335.871 159.151
5.23 -158.478 336.581 159.478
5.24 -158.805 337.291 159.805
5.25 -159.133 338.001 160.133
5.26 -159.46 338.712 160.46
5.27 -159.787 339.423 160.787
5.28 -160.115 340.134 161.115
5.29 -160.443 340.846 161.443
5.3 -160.771 341.558 161.771
5.31 -161.099 342.271 162.099
5.32 -161.427 342.984 162.427
5.33 -161.755 343.697 162.755
5.34 -162.083 344.411 163.083
5.35 -162.412 345.125 163.412
5.36 -162.74 345.839 163.74
5.37 -163.069 346.554 164.069
5.38 -163.398 347.269 164.398
5.39 -163.727 347.984 164.727
5.4 -164.056 348.7 165.056
5.41 -164.385 349.416 165.385
5.42 -164.715 350.133 165.715
5.43 -165.044 350.85 166.044
5.44 -165.374 351.567 166.374
5.45 -165.704 352.284 166.704
5.46 -166.033 353.002 167.033
5.47 -166.363 353.721 167.363
5.48 -166.693 354.439 167.693
5.49 -167.024 355.158 168.024
5.5 -167.354 355.878 168.354
5.51 -167.685 356.598 168.685
5.52 -168.015 357.318 169.015
5.53 -168.346 358.038 169.346
5.54 -168.677 358.759 169.677
5.55 -169.008 359.48 170.008
5.56 -169.339 360.202 170.339
5.57 -169.67 360.924 170.67
5.58 -170.002 361.646 171.002
5.59 -170.333 362.369 171.333
5.6 -170.665 363.092 171.665
5.61 -170.997 363.815 171.997
5.62 -171.328 364.539 172.328
5.63 -171.66 365.263 172.66
5.64 -171.993 365.988 172.993
5.65 -172.325 366.713 173.325
5.66 -172.657 367.438 173.657
5.67 -172.99 368.164 173.99
5.68 -173.322 368.89 174.322
5.69 -173.655 369.616 174.655
5.7 -173.988 370.343 174.988
5.71 -174.321 371.07 175.321
5.72 -174.654 371.797 175.654
5.73 -174.988 372.525 175.988
5.74 -175.321 373.253 176.321
5.75 -175.655 373.982 176.655
5.76 -175.988 374.711 176.988
5.77 -176.322 375.44 177.322
5.78 -176.656 376.17 177.656
5.79 -176.99 376.9 177.99
5.8 -177.324 377.63 178.324
5.81 -177.659 378.361 178.659
5.82 -177.993 379.092 178.993
5.83 -178.328 379.824 179.328
5.84 -178.662 380.556 179.662
5.85 -178.997 381.288 179.997
5.86 -179.332 382.021 180.332
5.87 -179.667 382.754 180.667
5.88 -180.003 383.487 181.003
5.89 -180.338 384.221 181.338
5.9 -180.674 384.955 181.674
5.91 -181.009 385.689 182.009
5.92 -181.345 386.424 182.345
5.93 -181.681 387.159 182.681
5.94 -182.017 387.895 183.017
5.95 -182.353 388.631 183.353
5.96 -182.689 389.367 183.689
5.97 -183.026 390.104 184.026
5.98 -183.362 390.841 184.362
5.99 -183.699 391.579 184.699
6 -184.036 392.317 185.036
6.01 -184.373 393.055 185.373
6.02 -184.71 393.793 185.71
6.03 -185.047 394.532 186.047
6.04 -185.384 395.272 186.384
6.05 -185.722 396.011 186.722
6.06 -186.059 396.752 187.059
6.07 -186.397 397.492 187.397
6.08 -186.735 398.233 187.735
6.09 -187.073 398.974 188.073
6.1 -187.411 399.716 188.411
6.11 -187.749 400.458 188.749
6.12 -188.087 401.2 189.087
6.13 -188.426 401.943 189.426
6.14 -188.765 402.686 189.765
6.15 -189.103 403.43 190.103
6.16 -189.442 404.173 190.442
6.17 -189.781 404.918 190.781
6.18 -190.12 405.662 191.12
6.19 -190.46 406.407 191.46
6.2 -190.799 407.153 191.799
6.21 -191.139 407.899 192.139
6.22 -191.478 408.645 192.478
6.23 -191.818 409.391 192.818
6.24 -192.158 410.138 193.158
6.25 -192.498 410.885 193.498
6.26 -192.838 411.633 193.838
6.27 -193.179 412.381 194.179
6.28 -193.519 413.13 194.519
6.29 -193.86 413.878 194.86
6.3 -194.201 414.628 195.201
6.31 -194.541 415.377 195.541
6.32 -194.882 416.127 195.882
6.33 -195.224 416.877 196.224
6.34 -195.565 417.628 196.565
6.35 -195.906 418.379 196.906
6.36 -196.248 419.131 197.248
6.37 -196.59 419.883 197.59
6.38 -196.931 420.635 197.931
6.39 -197.273 421.388 198.273
6.4 -197.615 422.141 198.615
6.41 -197.958 422.894 198.958
6.42 -198.3 423.648 199.3
6.43 -198.642 424.402 199.642
6.44 -198.985 425.157 199.985
6.45 -199.328 425.911 200.328
6.46 -199.671 426.667 200.671
6.47 -200.014 427.422 201.014
6.48 -200.357 428.179 201.357
6.49 -200.7 428.935 201.7
6.5 -201.044 429.692 202.044
6.51 -201.387 430.449 202.387
6.52 -201.731 431.207 202.731
6.53 -202.075 431.965 203.075
6.54 -202.419 432.723 203.419
6.55 -202.763 433.482 203.763
6.56 -203.107 434.241 204.107
6.57 -203.451 435.001 204.451
6.58 -203.796 435.761 204.796
6.59 -204.14 436.521 205.14
6.6 -204.485 437.282 205.485
6.61 -204.83 438.043 205.83
6.62 -205.175 438.805 206.175
6.63 -205.52 439.566 206.52
6.64 -205.866 440.329 206.866
6.65 -206.211 441.091 207.211
6.66 -206.557 441.854 207.557
6.67 -206.902 442.618 207.902
6.68 -207.248 443.382 208.248
6.69 -207.594 444.146 208.594
6.7 -207.94 444.911 208.94
6.71 -208.287 445.676 209.287
6.72 -208.633 446.441 209.633
6.73 -208.98 447.207 209.98
6.74 -209.326 447.973 210.326
6.75 -209.673 448.74 210.673
6.76 -210.02 449.507 211.02
6.77 -210.367 450.274 211.367
6.78 -210.714 451.042 211.714
6.79 -211.062 451.81 212.062
6.8 -211.409 452.578 212.409
6.81 -211.757 453.347 212.757
6.82 -212.105 454.117 213.105
6.83 -212.453 454.886 213.453
6.84 -212.801 455.657 213.801
6.85 -213.149 456.427 214.149
6.86 -213.497 457.198 214.497
6.87 -213.846 457.969 214.846
6.88 -214.194 458.741 215.194
6.89 -214.543 459.513 215.543
6.9 -214.892 460.285 215.892
6.91 -215.241 461.058 216.241
6.92 -215.59 461.832 216.59
6.93 -215.939 462.605 216.939
6.94 -216.289 463.379 217.289
6.95 -216.638 464.154 217.638
6.96 -216.988 464.929 217.988
6.97 -217.338 465.704 218.338
6.98 -217.688 466.48 218.688
6.99 -218.038 467.256 219.038
7 -218.388 468.032 219.388
7.01 -218.738 468.809 219.738
7.02 -219.089 469.586 220.089
7.03 -219.44 470.364 220.44
7.04 -219.79 471.142 220.79
7.05 -220.141 471.92 221.141
7.06 -220.492 472.699 221.492
7.07 -220.844 473.478 221.844
7.08 -221.195 474.258 222.195
7.09 -221.546 475.038 222.546
7.1 -221.898 475.818 222.898
7.11 -222.25 476.599 223.25
7.12 -222.602 477.38 223.602
7.13 -222.954 478.162 223.954
7.14 -223.306 478.944 224.306
7.15 -223.658 479.726 224.658
7.16 -224.011 480.509 225.011
7.17 -224.363 481.292 225.363
7.18 -224.716 482.076 225.716
7.19 -225.069 482.86 226.069
7.2 -225.422 483.644 226.422
7.21 -225.775 484.429 226.775
7.22 -226.129 485.214 227.129
7.23 -226.482 486 227.482
7.24 -226.836 486.786 227.836
7.25 -227.189 487.573 228.189
7.26 -227.543 488.359 228.543
7.27 -227.897 489.147 228.897
7.28 -228.251 489.934 229.251
7.29 -228.606 490.722 229.606
7.3 -228.96 491.511 229.96
7.31 -229.315 492.3 230.315
7.32 -229.67 493.089 230.67
7.33 -230.024 493.879 231.024
7.34 -230.379 494.669 231.379
7.35 -230.735 495.459 231.735
7.36 -231.09 496.25 232.09
7.37 -231.445 497.041 232.445
7.38 -231.801 497.833 232.801
7.39 -232.157 498.625 233.157
7.4 -232.512 499.417 233.512
7.41 -232.868 500.21 233.868
7.42 -233.225 501.004 234.225
7.43 -233.581 501.797 234.581
7.44 -233.937 502.592 234.937
7.45 -234.294 503.386 235.294
7.46 -234.65 504.181 235.65
7.47 -235.007 504.976 236.007
7.48 -235.364 505.772 236.364
7.49 -235.721 506.568 236.721
7.5 -236.079 507.365 237.079
7.51 -236.436 508.162 237.436
7.52 -236.794 508.959 237.794
7.53 -237.151 509.757 238.151
7.54 -237.509 510.555 238.509
7.55 -237.867 511.354 238.867
7.56 -238.225 512.153 239.225
7.57 -238.584 512.952 239.584
7.58 -238.942 513.752 239.942
7.59 -239.301 514.552 240.301
7.6 -239.659 515.353 240.659
7.61 -240.018 516.154 241.018
7.62 -240.377 516.956 241.377
7.63 -240.736 517.757 241.736
7.64 -241.096 518.56 242.096
7.65 -241.455 519.362 242.455
7.66 -241.815 520.166 242.815
7.67 -242.174 520.969 243.174
7.68 -242.534 521.773 243.534
7.69 -242.894 522.577 243.894
7.7 -243.254 523.382 244.254
7.71 -243.615 524.187 244.615
7.72 -243.975 524.993 244.975
7.73 -244.336 525.799 245.336
7.74 -244.696 526.606 245.696
7.75 -245.057 527.412 246.057
7.76 -245.418 528.22 246.418
7.77 -245.779 529.027 246.779
7.78 -246.141 529.835 247.141
7.79 -246.502 530.644 247.502
7.8 -246.864 531.453 247.864
7.81 -247.225 532.262 248.225
7.82 -247.587 533.072 248.587
7.83 -247.949 533.882 248.949
7.84 -248.311 534.693 249.311
7.85 -248.674 535.504 249.674
7.86 -249.036 536.315 250.036
7.87 -249.399 537.127 250.399
7.88 -249.761 537.939 250.761
7.89 -250.124 538.752 251.124
7.9 -250.487 539.565 251.487
7.91 -250.851 540.378 251.851
7.92 -251.214 541.192 252.214
7.93 -251.577 542.007 252.577
7.94 -251.941 542.821 252.941
7.95 -252.305 543.637 253.305
7.96 -252.669 544.452 253.669
7.97 -253.033 545.268 254.033
7.98 -253.397 546.085 254.397
7.99 -253.761 546.901 254.761
8 -254.126 547.719 255.126
8.01 -254.49 548.536 255.49
8.02 -254.855 549.355 255.855
8.03 -255.22 550.173 256.22
8.04 -255.585 550.992 256.585
8.05 -255.951 551.811 256.951
8.06 -256.316 552.631 257.316
8.07 -256.681 553.451 257.681
8.08 -257.047 554.272 258.047
8.09 -257.413 555.093 258.413
8.1 -257.779 555.915 258.779
8.11 -258.145 556.736 259.145
8.12 -258.511 557.559 259.511
8.13 -258.878 558.382 259.878
8.14 -259.244 559.205 260.244
8.15 -259.611 560.028 260.611
8.16 -259.978 560.852 260.978
8.17 -260.345 561.677 261.345
8.18 -260.712 562.502 261.712
8.19 -261.079 563.327 262.079
8.2 -261.447 564.153 262.447
8.21 -261.814 564.979 262.814
8.22 -262.182 565.805 263.182
8.23 -262.55 566.632 263.55
8.24 -262.918 567.46 263.918
8.25 -263.286 568.288 264.286
8.26 -263.654 569.116 264.654
8.27 -264.023 569.945 265.023
8.28 -264.392 570.774 265.392
8.29 -264.76 571.603 265.76
8.3 -265.129 572.433 266.129
8.31 -265.498 573.264 266.498
8.32 -265.868 574.094 266.868
8.33 -266.237 574.926 267.237
8.34 -266.607 575.757 267.607
8.35 -266.976 576.589 267.976
8.36 -267.346 577.422 268.346
8.37 -267.716 578.255 268.716
8.38 -268.086 579.088 269.086
8.39 -268.456 579.922 269.456
8.4 -268.827 580.756 269.827
8.41 -269.197 581.591 270.197
8.42 -269.568 582.426 270.568
8.43 -269.939 583.262 270.939
8.44 -270.31 584.098 271.31
8.45 -270.681 584.934 271.681
8.46 -271.053 585.771 272.053
8.47 -271.424 586.608 272.424
8.48 -271.796 587.446 272.796
8.49 -272.167 588.284 273.167
8.5 -272.539 589.122 273.539
8.51 -272.911 589.961 273.911
8.52 -273.284 590.801 274.284
8.53 -273.656 591.641 274.656
8.54 -274.029 592.481 275.029
8.55 -274.401 593.322 275.401
8.56 -274.774 594.163 275.774
8.57 -275.147 595.004 276.147
8.58 -275.52 595.846 276.52
8.59 -275.894 596.689 276.894
8.6 -276.267 597.532 277.267
8.61 -276.641 598.375 277.641
8.62 -277.014 599.219 278.014
8.63 -277.388 600.063 278.388
8.64 -277.762 600.908 278.762
8.65 -278.136 601.753 279.136
8.66 -278.511 602.598 279.511
8.67 -278.885 603.444 279.885
8.68 -279.26 604.29 280.26
8.69 -279.635 605.137 280.635
8.7 -280.01 605.984 281.01
8.71 -280.385 606.832 281.385
8.72 -280.76 607.68 281.76
8.73 -281.135 608.529 282.135
8.74 -281.511 609.378 282.511
8.75 -281.887 610.227 282.887
8.76 -282.263 611.077 283.263
8.77 -282.639 611.927 283.639
8.78 -283.015 612.778 284.015
8.79 -283.391 613.629 284.391
8.8 -283.768 614.481 284.768
8.81 -284.144 615.333 285.144
8.82 -284.521 616.185 285.521
8.83 -284.898 617.038 285.898
8.84 -285.275 617.891 286.275
8.85 -285.652 618.745 286.652
8.86 -286.03 619.599 287.03
8.87 -286.407 620.454 287.407
8.88 -286.785 621.309 287.785
8.89 -287.163 622.165 288.163
8.9 -287.541 623.021 288.541
8.91 -287.919 623.877 288.919
8.92 -288.297 624.734 289.297
8.93 -288.676 625.591 289.676
8.94 -289.055 626.449 290.055
8.95 -289.433 627.307 290.433
8.96 -289.812 628.166 290.812
8.97 -290.191 629.025 291.191
8.98 -290.571 629.885 291.571
8.99 -290.95 630.745 291.95
9 -291.33 631.605 292.33
9.01 -291.709 632.466 292.709
9.02 -292.089 633.327 293.089
9.03 -292.469 634.189 293.469
9.04 -292.849 635.051 293.849
9.05 -293.23 635.914 294.23
9.06 -293.61 636.777 294.61
9.07 -293.991 637.64 294.991
9.08 -294.372 638.504 295.372
9.09 -294.753 639.369 295.753
9.1 -295.134 640.234 296.134
9.11 -295.515 641.099 296.515
9.12 -295.897 641.965 296.897
9.13 -296.278 642.831 297.278
9.14 -296.66 643.698 297.66
9.15 -297.042 644.565 298.042
9.16 -297.424 645.432 298.424
9.17 -297.806 646.3 298.806
9.18 -298.188 647.169 299.188
9.19 -298.571 648.037 299.571
9.2 -298.954 648.907 299.954
9.21 -299.336 649.777 300.336
9.22 -299.719 650.647 300.719
9.23 -300.103 651.517 301.103
9.24 -300.486 652.389 301.486
9.25 -300.869 653.26 301.869
9.26 -301.253 654.132 302.253
9.27 -301.637 655.005 302.637
9.28 -302.021 655.878 303.021
9.29 -302.405 656.751 303.405
9.3 -302.789 657.625 303.789
9.31 -303.173 658.499 304.173
9.32 -303.558 659.374 304.558
9.33 -303.943 660.249 304.943
9.34 -304.328 661.125 305.328
9.35 -304.713 662.001 305.713
9.36 -305.098 662.877 306.098
9.37 -305.483 663.754 306.483
9.38 -305.869 664.632 306.869
9.39 -306.254 665.509 307.254
9.4 -306.64 666.388 307.64
9.41 -307.026 667.267 308.026
9.42 -307.412 668.146 308.412
9.43 -307.799 669.026 308.799
9.44 -308.185 669.906 309.185
9.45 -308.572 670.786 309.572
9.46 -308.958 671.667 309.958
9.47 -309.345 672.549 310.345
9.48 -309.732 673.431 310.732
9.49 -310.12 674.313 311.12
9.5 -310.507 675.196 311.507
9.51 -310.895 676.079 311.895
9.52 -311.282 676.963 312.282
9.53 -311.67 677.848 312.67
9.54 -312.058 678.732 313.058
9.55 -312.446 679.617 313.446
9.56 -312.835 680.503 313.835
9.57 -313.223 681.389 314.223
9.58 -313.612 682.276 314.612
9.59 -314.001 683.163 315.001
9.6 -314.39 684.05 315.39
9.61 -314.779 684.938 315.779
9.62 -315.168 685.826 316.168
9.63 -315.558 686.715 316.558
9.64 -315.948 687.604 316.948
9.65 -316.337 688.494 317.337
9.66 -316.727 689.384 317.727
9.67 -317.117 690.275 318.117
9.68 -317.508 691.166 318.508
9.69 -317.898 692.058 318.898
9.7 -318.289 692.95 319.289
9.71 -318.68 693.842 319.68
9.72 -319.07 694.735 320.07
9.73 -319.462 695.629 320.462
9.74 -319.853 696.523 320.853
9.75 -320.244 697.417 321.244
9.76 -320.636 698.312 321.636
9.77 -321.028 699.207 322.028
9.78 -321.419 700.103 322.419
9.79 -321.812 700.999 322.812
9.8 -322.204 701.895 323.204
9.81 -322.596 702.793 323.596
9.82 -322.989 703.69 323.989
9.83 -323.381 704.588 324.381
9.84 -323.774 705.487 324.774
9.85 -324.167 706.386 325.167
9.86 -324.56 707.285 325.56
9.87 -324.954 708.185 325.954
9.88 -325.347 709.085 326.347
9.89 -325.741 709.986 326.741
9.9 -326.135 710.888 327.135
9.91 -326.529 711.789 327.529
9.92 -326.923 712.692 327.923
9.93 -327.317 713.594 328.317
9.94 -327.712 714.497 328.712
9.95 -328.106 715.401 329.106
9.96 -328.501 716.305 329.501
9.97 -328.896 717.21 329.896
9.98 -329.291 718.115 330.291
9.99 -329.687 719.02 330.687
