11 2
12 2
13 2
14 2
15 2
16 2
17 2
18 2
19 2
20 2
21 2
22 2
23 2
24 2
25 2
26 2
27 2
11 3
12 3
13 3
14 3
15 3
16 3
17 3
18 3
19 3
20 3
21 3
22 3
23 3
24 3
25 3
26 3
27 3
11 4
12 4
13 4
14 4
15 4
16 4
17 4
18 4
19 4
20 4
21 4
22 4
23 4
24 4
25 4
26 4
27 4
11 5
12 5
13 5
14 5
15 5
16 5
17 5
18 5
19 5
20 5
21 5
22 5
23 5
24 5
25 5
26 5
27 5
11 6
12 6
13 6
14 6
15 6
16 6
17 6
18 6
19 6
20 6
21 6
22 6
23 6
24 6
25 6
26 6
27 6
11 7
12 7
13 7
14 7
15 7
16 7
17 7
18 7
19 7
20 7
21 7
22 7
23 7
24 7
25 7
26 7
27 7
11 8
12 8
13 8
14 8
15 8
16 8
17 8
18 8
19 8
20 8
21 8
22 8
23 8
24 8
25 8
26 8
27 8

28 13
29 13
30 13
31 13
32 13
33 13
27 14
28 14
29 14
30 14
31 14
32 14
33 14
34 14
26 15
27 15
28 15
29 15
30 15
31 15
32 15
33 15
34 15
26 16
27 16
28 16
29 16
30 16
31 16
32 16
33 16
34 16
26 17
27 17
28 17
29 17
30 17
31 17
32 17
33 17
34 17
26 18
27 18
28 18
29 18
30 18
31 18
32 18
33 18
34 18
26 19
27 19
28 19
29 19
30 19
31 19
32 19
33 19
26 20
27 20
28 20
29 20
30 20
31 20
32 20
33 20
26 21
27 21
28 21
29 21
30 21
31 21
32 21
26 22
27 22
28 22
29 22
30 22
31 22
26 23
27 23
28 23
29 23
30 23
26 24
27 24
28 24

11 30
12 30
12 31
13 30
13 31
14 30
14 31
14 32
15 30
15 31
15 32
15 33
39 26
40 26
41 26
42 26
43 26
44 26
39 27
40 27
41 27
42 27
43 27
44 27
45 27
46 27
47 27
48 27
49 27
39 28
40 28
41 28
42 28
43 28
44 28
45 28
46 28
47 28
48 28
49 28
50 28
16 31
17 31
18 31
19 31
20 31
21 31
22 31
23 31
24 31
25 31
26 31
27 31
28 31
29 31
30 31
31 31
32 31
33 31
34 31
35 31
36 31
37 31
38 31
39 31
40 31
41 31
42 31
43 31
44 31
45 31
46 31
47 31
48 31
49 31
50 31
51 31
16 33
17 33
18 33
19 33
20 33
21 33
22 33
23 33
24 33
16 32
17 32
18 32
19 32
20 32
21 32
22 32
23 32
24 32
25 32
26 32
27 32
28 32
29 32
30 32
31 32
32 32
33 32
34 32
35 32
36 32
37 32
38 32
39 32
40 32
41 32
42 32
43 32
44 32
45 32
46 32
47 32
48 32
16 30
17 30
18 30
19 30
20 30
21 30
22 30
23 30
24 30
25 30
26 30
27 30
28 30
29 30
30 30
31 30
32 30
33 30
34 30
35 30
36 30
37 30
38 30
39 30
40 30
41 30
42 30
43 30
44 30
45 30
46 30
47 30
48 30
49 30
50 30
51 30
40 29
41 29
42 29
43 29
44 29
45 29
46 29
47 29
48 29
49 29
50 29
51 29
